%YAML:1.0
# General sensor definitions.
camera_id: right_cam

# Sensor extrinsics wrt. the body-frame.
T_BS:
  cols: 4
  rows: 4
  data: [-0.00120822,-0.00094742,0.99999882,0.18313715,
          -0.99997156,0.00744575,-0.00120114,-0.10587443,
          -0.00744461,-0.99997183,-0.00095639,-0.00933521,
          0.0,0.0,0.0,1.0]

# Camera specific definitions.
rate_hz: 10
resolution: [960, 600]
camera_model: pinhole
intrinsics: [644.4385505412966, 643.5879520187435, 455.1775919513420, 304.1616226347153] #fu, fv, cu, cv
distortion_model: radial-tangential
distortion_coefficients: [-0.057705696896734,  0.086955444511364, 0, 0]
